[scalar]
E
50.328

[scalar]
nu
0.3

[table]
21 2 Strain Stress
0.001471264367816097 0.07404580152671747
0.004873563218390803 0.22595419847328235
0.0071724137931034465 0.3198473282442748
0.009333333333333332 0.40534351145038167
0.01006896551724138 0.43587786259541983
0.010666666666666665 0.4541984732824427
0.011954022988505751 0.46641221374045805
0.014620689655172416 0.4770992366412214
0.01894252873563218 0.48778625954198473
0.025471264367816097 0.5045801526717557
0.03218390804597702 0.516793893129771
0.03944827586206897 0.5286259541984732
0.04698850574712644 0.5393129770992366
0.05287356321839081 0.5465648854961832
0.05875862068965517 0.5530534351145038
0.06510344827586209 0.5591603053435115
0.0719080459770115 0.5648854961832062
0.07880459770114945 0.5690839694656489
0.08450574712643677 0.5721374045801527
0.09158620689655173 0.5748091603053436
0.09820689655172415 0.5763358778625954
